A = eye(20);
A(1,1:19) = 1;
A(20,1:20) = 1;
A(1:20) = 1;
B = zeros(20,1);
B(1,1) = 17;
A\B
