[U,S,V] = svd(A)

U =

    0.7071   -0.7071
    0.7071    0.7071


S =

    2.8284         0
         0    1.4142


V =

     0    -1
     1     0
