B = [-92,144;144,-8];
eigs(B)

ans =

 -200.0000
  100.0000

abs(ans)

ans =

  200.0000
  100.0000

norm(B,2)

ans =

   200

diary off
