C = [1,2;3,4];
eigs(C)

ans =

    5.3723
   -0.3723

abs(ans)

ans =

    5.3723
    0.3723

norm(C,2)

ans =

    5.4650

diary off
