A = [1,2,3,4;2,5,7,2;3,7,2,9;4,2,9,4];
[P1,D1] = eigs(A)

P1 =

    0.3043    0.0760    0.2673    0.9112
    0.4769   -0.3446   -0.8018    0.1047
    0.6022    0.7534   -0.0000   -0.2640
    0.5633   -0.5549    0.5345   -0.2986


D1 =

   17.4770         0         0         0
         0   -7.5267         0         0
         0         0    3.0000         0
         0         0         0   -0.9502

[P2,D2] = eigs(A'*A)

P2 =

    0.3043   -0.0760    0.2673   -0.9112
    0.4769    0.3446   -0.8018   -0.1047
    0.6022   -0.7534    0.0000    0.2640
    0.5633    0.5549    0.5345    0.2986


D2 =

  305.4452         0         0         0
         0   56.6519         0         0
         0         0    9.0000         0
         0         0         0    0.9030

diary off
