A=rand(5,4);
linear_qr

ans =

    0.8981    0.3008    0.5534    0.4524

A\b

ans =

    0.8981    0.3008    0.5534    0.4524

A=rand(9,7);
linear_qr

ans =

 0.7455 0.6301 0.5719 0.7018 0.6683 0.6107 0.6380

A\b

ans =

 0.7455 0.6301 0.5719 0.7018 0.6683 0.6107 0.6380
