q1_partC

avg_lu =

    0.1649


avg_mpm =

   7.5590e-04
