A = [1,2;-1,2];
eig(A)

ans =

   1.5000 + 1.3229i
   1.5000 - 1.3229i

abs(ans)

ans =

    2.0000
    2.0000
