s=[2,0;0,2];
find_vectors(4,6,s)

ans =

     2     2     2     4     4     4
     2     4     6     2     4     6
