A=[2,2,3;2,4,5;3,5,8];
C=chol(A)
C =

    1.4142    1.4142    2.1213
         0    1.4142    1.4142
         0         0    1.2247

C'
ans =

    1.4142         0         0
    1.4142    1.4142         0
    2.1213    1.4142    1.2247
