% Part (ii)
n: 5 error: 0.104672
n: 10 error: 0.000154
n: 20 error: 0.000000
n: 90 error: 0.000000
